unit: 	microsecond
min:	2	
max:	8592088	
range:	8592086	
delta:	52320.02757643623	
s:	52320.09298378815	
skewness:	97.69415957341339	
kurtosis:	11263.24470972157	
q1:	36	
median:	89	
q3:	418	
mean:	882.38553990939
#:	399956
